01101010 01101001 01101110 01100111 01101100 01100101 01101010 01101001 01101110 01100111 01101100 01100101 01101010
01101001 01101110 01100111 01101100 01100101 00100000 01101010 01101001 01101110 01100111 01101100 01100101 01100010
01100101 01101100 01101100 00100000 01100010 01100101 01101100 01101100 01101010 01101001 01101110 01100111 01101100
01100101 00100000 01100010 01100101 01101100 01101100 01100010 01100101 01101100 01101100 01101010 01101001 01101110
01100111 01101100 01100101 01101010 01101001 01101110 01100111 01101100 01100101 01101010 01101001 01101110 01100111
01101100 01100101 00100000 01101010 01101001 01101110 01100111 01101100 01100101 01100010 01100101 01101100 01101100
00100000 00101111 00100000 01101010 01101001 01101110 01100111 01101100 01100101 01101010 01101001 01101110 01100111
01101100 01100101 00100000 01101010 01101001 01101110 01100111 01101100 01100101 01101010 01101001 01101110 01100111
01101100 01100101 01101010 01101001 01101110 01100111 01101100 01100101 01101010 01101001 01101110 01100111 01101100
01100101 01101010 01101001 01101110 01100111 01101100 01100101 00100000 00101111 00100000 01100010 01100101 01101100
01101100 01101010 01101001 01101110 01100111 01101100 01100101 01100010 01100101 01101100 01101100 01101010 01101001
01101110 01100111 01101100 01100101 00100000 01100010 01100101 01101100 01101100 01100010 01100101 01101100 01101100
01100010 01100101 01101100 01101100 01100010 01100101 01101100 01101100 01100010 01100101 01101100 01101100 00100000
01100010 01100101 01101100 01101100 01100010 01100101 01101100 01101100 00100000 01101010 01101001 01101110 01100111
01101100 01100101 01100010 01100101 01101100 01101100 01100010 01100101 01101100 01101100 01100010 01100101 01101100
01101100 01100010 01100101 01101100 01101100 00100000 01100010 01100101 01101100 01101100 01101010 01101001 01101110
01100111 01101100 01100101 00100000 01100010 01100101 01101100 01101100 01100010 01100101 01101100 01101100 01101010
01101001 01101110 01100111 01101100 01100101 00100000 00101111 00100000 01100010 01100101 01101100 01101100 00100000
01100010 01100101 01101100 01101100 01100010 01100101 01101100 01101100 01100010 01100101 01101100 01101100 01100010
01100101 01101100 01101100 01100010 01100101 01101100 01101100 00100000 00101111 00100000 01100010 01100101 01101100
01101100 01100010 01100101 01101100 01101100 01101010 01101001 01101110 01100111 01101100 01100101 01101010 01101001
01101110 01100111 01101100 01100101 01101010 01101001 01101110 01100111 01101100 01100101 00100000 01100010 01100101
01101100 01101100 01100010 01100101 01101100 01101100 01100010 01100101 01101100 01101100 00100000 01101010 01101001
01101110 01100111 01101100 01100101 01100010 01100101 01101100 01101100 01100010 01100101 01101100 01101100 00100000
01100010 01100101 01101100 01101100 01101010 01101001 01101110 01100111 01101100 01100101